6287721337827
6281221546636
6281222022002
6281222451418
6281223440315
6281224049354
6281224618836
6281224722332
6281225371748
6281225529345
6281225562389
6281225780128
6281227942168
6281230900031
6281231005344
6281231399393
6281232511101
6281232590352
6281232779395
6281232788947
6281233305842
6281233449081
6281233562289
6281234567677
6281234578905
6281234802280
6281235254553
6281237437107
6281237921024
6281241005914
6281242367333
6281242894848
6281243450703
6281244083666
6281245714522
6281246464274
6281246919829
6281247388278
6281247695746
6281250380497
6281250466692
6281250562087
6281250925069
6281250929090
6281251266808
6281251474698
6281251520053
6281251691115
6281253759320
6281254669397
6281254686300
6281255099914
6281256121466
6281256122017
6281256527427
6281257169100
6281257977718
6281258048485
6281258057552
6281258174171
6281258262387
6281258575815
6281258745852
6281258848220
6281258933282
6281260149683
6281260256659
6281260700646
6281261512517
6281261664765
6281261976948
6281263152411
6281263152415
6281263351010
6281263515134
6281264227475
6281264546464
6281264776366
6281264918485
6281265081234
6281265111187
6281265152345
6281265279939
6281266008675
6281266048549
6281267236432
6281267309595
6281267891234
6281267893456
6281270160812
6281270886628
6281272112868
6281272180881
6281273709644
6281273737484
6281274318766
6281274763333
6281276295550
6281277052303
6281277118558
6281278345318
6281278748883
6281278960001
6281279713659
6281279817150
6281279829613
6281279846666
6281280010116
6281280988051
6281281321976
6281282661128
6281283757956
6281284234567
6281284332525
6281284403757
6281284856590
6281284938757
6281285843154
6281287155005
6281288098581
6281288243363
6281288816023
6281288891738
6281289080481
6281289229331
6281291883644
6281292585236
6281293198640
6281294783243
6281294823785
6281295525302
6281295884928
6281296161117
6281296961346
6281297544610
6281297923578
6281310941753
6281310952745
6281311223344
6281311776008
6281312420627
6281314441115
6281314704656
6281315006658
6281317010775
6281317527630
6281318260548
6281318453380
6281319026535
6281319719460
6281319903788
6281321337715
6281321722587
6281322226366
6281323191919
6281324175129
6281325464755
6281326060009
6281326292950
6281327317732
6281328556659
6281330277440
6281331953966
6281332404883
6281333060425
6281333306988
6281333313111
6281333371332
6281333741777
6281334505226
6281334859579
6281335914450
6281338616155
6281339816995
6281341793111
6281342644158
6281342733604
6281342900334
6281343669061
6281344027047
6281344076977
6281345236984
6281346677670
6281347470240
6281347684561
6281347896705
6281349354441
6281349559233
6281349766903
6281350062418
6281350117173
6281350754504
6281351661308
6281351980888
6281352686549
6281355074513
6281355450414
6281355546654
6281356992944
6281360258921
6281361217067
6281361332581
6281361400165
6281361721748
6281361792419
6281362258133
6281362336660
6281362765610
6281363787050
6281365476125
6281367230621
6281367352526
6281367727363
6281369757765
6281369938914
6281372053666
6281372152839
6281372900667
6281373616999
6281373986757
6281374095616
6281374296468
6281375046518
6281375169972
6281375836713
6281376174148
6281377172212
6281377371756
6281377549718
6281377905186
6281382318665
6281383290981
6281385810491
6281386327152
6281386957094
6281388553933
6281388759837
6281395079707
6281396101201
6281396336069
6281411141987
6281514618791
6281517455394
6281521514030
6281522819040
6281522913834
6281527412850
6281527412859
6281547400736
6281547434742
6281548540379
6281558229551
6281563388885
6281563844519
6281574744492
6281585235833
6281585846954
6281617559562
6281649077587
6281717111198
6281779206628
6281779991336
6281803183292
6281804985100
6281808123560
6281808196677
6281808626933
6281818181279
6281905555535
6281906462822
6281907648899
6281908365279
6281911126668
6281913222233
6281917112380
6281919111717
6281933032203
6281933976333
6281991535188
6281995629628
6281999304390
6282110034140
6282111655288
6282113023838
6282116123323
6282116273749
6282116976070
6282118444561
6282118681829
6282118971610
6282119097670
6282119809001
6282120063223
6282120279001
6282121112626
6282122838656
6282123480234
6282123623556
6282124309998
6282124944983
6282125848130
6282126111020
6282127532079
6282130924687
6282131813118
6282132767377
6282133278729
6282133590955
6282134016195
6282135357656
6282136200208
6282136606249
6282138769246
6282140879798
6282143115058
6282145165311
6282147610464
6282147831236
6282148351343
6282150097517
6282150409868
6282151412412
6282152380232
6282153430512
6282153782510
6282154485951
6282154517775
6282154560600
6282154565456
6282154950454
6282155570787
6282156173323
6282156269168
6282157198726
6282158125765
6282159081118
6282159755844
6282159755855
6282161037097
6282161452127
6282163351977
6282166870820
6282166942244
6282167429048
6282168316961
6282168645679
6282173537557
6282174053250
6282174444863
6282177000108
6282178333307
6282178586840
6282179813896
6282181057802
6282182994188
6282183169660
6282184063119
6282184802224
6282186751040
6282188910133
6282190433959
6282191909974
6282193296988
6282195665602
6282196030029
6282196554467
6282197226991
6282199645229
6282199657131
6282199972428
6282210280002
6282211000029
6282211410604
6282211665275
6282213225043
6282215858818
6282218242091
6282218881312
6282220853009
6282220957283
6282221442907
6282228402461
6282232085758
6282237017373
6282237675750
6282237771183
6282237988712
6282238966944
6282240571133
6282240945517
6282243493250
6282244227524
6282244952635
6282246046602
6282246543829
6282246937906
6282247800794
6282250099000
6282250714045
6282251319106
6282251323093
6282251930833
6282252949897
6282253685480
6282254525411
6282255672279
6282256262323
6282257385587
6282264230949
6282266624949
6282268333383
6282268346696
6282268858266
6282269172292
6282272328729
6282272737151
6282272822220
6282273126928
6282273473269
6282273782299
6282276122221
6282276567001
6282277399578
6282277666454
6282277771224
6282278986576
6282280425761
6282280917600
6282281227885
6282282183725
6282283777489
6282284359897
6282284451441
6282284780514
6282284881867
6282285715805
6282287250556
6282288043006
6282288477651
6282288880899
6282290688588
6282293182216
6282293842121
6282295017807
6282296411626
6282298172889
6282299570389
6282304001259
6282304030202
6282307343243
6282311165300
6282311337289
6282313717600
6282314340146
6282315871971
6282316486266
6282317583588
6282319825246
6282323272299
6282324261660
6282330284505
6282332548333
6282333020000
6282333135376
6282334888861
6282336399823
6282343290079
6282343582236
6282346415780
6282347202390
6282347802818
6282347996262
6282349091407
6282350880333
6282351303271
6282351404880
6282351723644
6282351810000
6282352513301
6282352828695
6282353000920
6282354030507
6282354983334
6282357526676
6282360156668
6282361447492
6282361635106
6282361704583
6282363813456
6282364179494
6282365424555
6282370174778
6282370662067
6282371282079
6282376324578
6282381737952
6282381813500
6282383400500
6282383500605
6282387648173
6282388503316
6282390800579
6282390808815
6282391343708
6282392033324
6282393089759
6282393509026
6282393888009
6283112311868
6283114665663
6283132046355
6283132287175
6283147189572
6283150860533
6283803069256
6283819693121
6283838823030
6283839473427
6283842283223
6283842283332
6283844208972
6283863333392
6283863628333
6283865423747
6283866053433
6283870712235
6283872916584
6283873272184
6283875306150
6283876262621
6283891587720
6283892920636
6283894468786
6283896138123
6283897963510
6283899258870
6285101578462
6285155157496
6285156094073
6285159936591
6285207407711
6285212948621
6285213088393
6285216808656
6285219053189
6285220202435
6285221215601
6285221593945
6285222885456
6285223243257
6285223248156
6285223954313
6285225463170
6285229060959
6285230712946
6285232877299
6285233661958
6285234800712
6285236410772
6285236929377
6285236984384
6285237711198
6285241018416
6285241771134
6285241954833
6285242113114
6285242671312
6285242883243
6285244044103
6285245091901
6285245677887
6285246364507
6285246605758
6285246850735
6285247681004
6285248262260
6285248344156
6285248347306
6285248395800
6285248721085
6285249749399
6285250040444
6285250858888
6285251212506
6285253724330
6285255131571
6285256015793
6285260294494
6285260525440
6285262025800
6285262150181
6285262368812
6285262453443
6285262563200
6285262617181
6285263275640
6285263438359
6285263540385
6285263966841
6285264999905
6285265300128
6285265368888
6285265907070
6285267403980
6285267936926
6285268925273
6285270027755
6285270228475
6285270555575
6285272800888
6285274151943
6285274714223
6285275101234
6285275330369
6285277037359
6285277772323
6285281537143
6285281858428
6285282821144
6285285751873
6285295740145
6285296377577
6285298091400
6285314445697
6285314531946
6285315593919
6285315888080
6285320463656
6285322285583
6285325209678
6285330303642
6285330386223
6285331474542
6285334347210
6285335115732
6285337506805
6285337785005
6285338756588
6285342021169
6285342200164
6285343612777
6285343898395
6285345672907
6285356120578
6285358381911
6285358553875
6285360392886
6285360815983
6285361092589
6285361913916
6285362079200
6285366092236
6285366335189
6285375900665
6285377677749
6285386495626
6285387432744
6285387534797
6285387939477
6285388227676
6285389222766
6285389619439
6285390199332
6285391234201
6285395355414
6285395377515
6285396264119
6285396888889
6285396900025
6285397675834
6285397945836
6285397995367
6285398228903
6285399620885
6285540582251
6285546226077
6285601413677
6285602207665
6285607080908
6285607680416
6285643092321
6285643469404
6285651219133
6285654289909
6285654956664
6285655646370
6285655755758
6285656374946
6285658646117
6285664259819
6285664629523
6285691695246
6285693647177
6285693756373
6285694016159
6285695436915
6285700111779
6285700197717
6285703043156
6285703270581
6285704560296
6285705934745
6285710516029
6285710586215
6285711096716
6285711696350
6285713030411
6285713098750
6285714031568
6285715315793
6285715536914
6285722288522
6285722479021
6285724061157
6285724714788
6285726046870
6285726525794
6285729265559
6285733311221
6285735341020
6285736976327
6285737688884
6285739022843
6285742357058
6285745013586
6285750151758
6285751755053
6285752604273
6285754697912
6285754838865
6285755758995
6285773117117
6285773491992
6285775183679
6285775609065
6285776534121
6285777843811
6285778268030
6285780007118
6285782364206
6285784778728
6285785344566
6285786986000
6285787340081
6285788768343
6285789594513
6285791154413
6285792081175
6285793189919
6285795826516
6285797012226
6285799749216
6285800000000
6285800515017
6285802795212
6285803396612
6285809451230
6285810164536
6285814334090
6285817500161
6285817887881
6285820873729
6285821508670
6285822347791
6285828896514
6285838717697
6285842132881
6285842551116
6285843430649
6285845271303
6285850984833
6285852006227
6285857302251
6285860005568
6285860193854
6285861295473
6285862896934
6285865052134
6285865644477
6285868673786
6285881495383
6285881837898
6285883335552
6285885647533
6285888140204
6285888228274
6285888582088
6285892672646
6285900086498
6285903111654
6285924344460
6285959054474
6285972525931
6287712309096
6287720008229
6287738836873
6287747962808
6287759633665
6287771686866
6287775467424
6287784113119
6287785302825
6287785800390
6287786242705
6287788104264
6287794899289
6287802064227
6287808080409
6287809723444
6287810555551
6287815814701
6287832753083
6287834765230
6287838027644
6287838368669
6287843218558
6287850088882
6287851787667
6287858150567
6287861553495
6287864059297
6287867550499
6287881459080
6287881489342
6287883743230
6287885121201
6287893391616
6287896442902
6287896483748
6288210833640
6288246829799
6288262198875
6288290393173
6288291410760
6288294337543
6288905986276
6289505819815
6289512845122
6289516810710
6289522287112
6289526247880
6289530513792
6289602664364
6289603510863
6289603859044
6289609226095
6289612377325
6289612682883
6289612808680
6289613025555
6289621200032
6289622655664
6289625403281
6289632080362
6289633391924
6289635070158
6289637026840
6289637354887
6289643001066
6289646471789
6289652493439
6289659145957
6289668195027
6289668272088
6289673762228
6289676224655
6289679055307
6289681032574
6289683838889
6289684850151
6289686126417
6289688202181
6289688389919
6289694048582
6289695218797
62881024941200
62895330206478
62895332306046
62895332339071
62895349147326
62895357438324
62895375853799
62895377737952
62895379805060
62895385263601
62895618443939
62895630360610
62895701782842
62895704177456
62895808655500
6281266240775
6281277277676
6281283757956
6281286409288
6281293554824
6282210120401
6282328125033
6285320909829
6283851066540